-32 32 -32 32
29.4251  0.13028   -0.0415979   0.0350936  -0.0395554 

-32 0 -32 0
24.5993  -0.203343   -0.0407293   0.459167   -0.0159109 

-16 0 -16 0
21.3685  -1.77554   -0.161596   0.0202668   -0.0734209 

-8 0 -8 0
9.67577  -7.8167   -1.09673   -5.00711   -0.721759 

-8 -4 -8 -4
6.42354  -3.94778   -0.44693   -3.7812   -0.422378 

-8 0 -16 -8
5.53498  -0.5567   -0.107435   -2.72795   -0.158084

-16 0 -32 -16
5.00989  0.0577328   0.0121351  -0.00829944   -0.00624585 

-32 -16 -16 0
5.03835  -0.2885   -0.0126308   -0.166941   -0.0329527 

-24  -16  -8  0
4.99979  0.104523   0.00222872   0.100898   0.0942817

0  32  0  32
30.2297  0.391182   -0.0598804   0.694101   -0.0707708 

0  16  0  16
22.2243 2.20491   -0.191017   3.27076  -0.231423 

0  8  0  8
13.3172  7.22675   -0.647048   2.26421   0.0218874 

0  8  8  16
5.30803  -1.75794  0.232052   2.25813  -0.0456083 

16  32  16  32
4.99966  0.0937756   -0.0134901   0.094578  -0.00881333

16  32  0  16
5.25716  1.7645   -0.07677   1.98143   -0.179138 

16  24  0  8
5.23527  2.49546  -0.110991   1.58646   -0.138568 

0  16  16  32
4.99347  -0.0676353   -0.0261985   0.0188269  0.000848794

0  32  -32  0
24.9737 1.12312   -0.0817748   -0.460414   -0.0585902 

0  16  -32  -16
5.03234  -0.00787751   -0.00780083 -0.261502   -0.0156256 

0  8  -32  -24
5.0055  0.0512594   -0.148242   0.0302924  -0.00297657 

16  32  -16  0
5.02924  0.420621  -0.0215563   -0.0294246  -0.0118376 

24  32  -8  0
5.00027  0.101314 -0.00786386   0.109968  -0.0212686 

0  16  -16  0
16.3258 4.44237   -0.282611   -2.85886   -0.253213 

0  8  -16  -8
5.66175  3.38238  -0.131717   -3.97675   -0.273433 

0  8  -8  0
17.3521  4.56424   -0.565284   -7.79299  -1.12802 

-32  0  0  32
24.2019  0.368843   -0.0222015  0.65211  -0.0580997 

-32  -16  0  16
5.12638  -1.19621  -0.0478675   0.110624  -0.042009 

-16  0  16  32
5.09075  -0.233081   -0.0375798   1.0336   -0.0451489 

-16  -8  16  24
5.087  -0.366825  -0.0417903   0.970461   -0.0462692 

-8  0  16  24
5.1534  -0.356653   -0.0575128   1.64004  -0.0741182 

-16  0  0  16
26.8555  1.0324  -0.0392097   2.74329   -0.201706 

-8  0  0  8
25.928  -3.82128   -0.775089   12.1383  -1.76521 
