8932
8933
8934
8935
8936
8937
8938,11505
8939
8940
8941
8942
8943
8944
8945
8946,11248
8947
8948
8949
8950
8951
8952
8953,11177
8954
8955
8956
8957
8958
8959,10971
8960
8961
8962
8963
8964
8965,11875
8966
8967
8968
8969
8970,11072
8971
8972
8973
8974
8975,11439
8976
8977,10358
8978
8979
8980,9809
8981
8982
8983
8984
8985
8986
8987
8988
8989
8990,10446
8991
8992
8993
8994
8995,9261
8996,10692
8997
8998
8999
9000
9001
9002
9003
9004
9005
9006
9007
9008
9009
9010
9011
9012,10858,10905,11321,11772
9013
9014
9015,9609
9016
9017
9018,11400
9019
9020
9021
9022
9023
9024
9025
9026
9027,9644
9028
9029
9030
9031
9032
9033
9034
9035,9926
9036,9671
9037
9038
9039
9040
9041,11536
9042,11690
9043
9044,9455,11941
9045
9046
9047,9373,11558
9048
9049
9050
9051
9052
9053
9054
9055
9056,11375
9057,10832
9058
9059
9060
9061
9062
9063,9082
9064
9065
9066
9067
9068,9479
9069
9070,9987
9071
9072
9073
9074
9075
9076
9077
9078
9079
9080
9081
9083,11582
9084
9085
9086,9700
9087
9088,11806
9089
9090
9091
9092
9093,11502
9094,9522
9095
9096
9097
9098
9099
9100
9101
9102
9103,11607
9104,10938
9105,9725
9106
9107
9108
9109
9110
9111
9112
9113
9114
9115
9116
9117
9118
9119,9411,10828
9120,9772
9121
9122
9123
9124
9125
9126,11637
9127
9128
9129
9130
9131
9132
9133
9134
9135
9136
9137
9138,11780
9139
9140
9141
9142
9143
9144
9145
9146
9147
9148
9149,9393,9974,10480,11923
9150,11541
9151
9152
9153
9154
9155
9156,11290
9157
9158
9159
9160
9161
9162
9163
9164
9165
9166,11107
9167
9168
9169
9170
9171
9172
9173
9174
9175
9176
9177
9178
9179
9180
9181
9182
9183
9184
9185
9186
9187
9188
9189
9190,10338
9191
9192
9193
9194
9195
9196
9197
9198
9199
9200
9201
9202
9203
9204
9205
9206
9207
9208,10742
9209,11488
9210,9829
9211,9554,10916
9212
9213
9214
9215
9216
9217
9218
9219
9220
9221
9222
9223
9224
9225
9226
9227,10228
9228,10313,11323
9229
9230
9231
9232
9233
9234
9235
9236
9237
9238
9239
9240
9241
9242
9243
9244
9245
9246
9247
9248
9249
9250
9251
9252
9253
9254
9255
9256
9257
9258
9259
9260,11635
9262,11056
9263
9264
9265
9266,10714
9267
9268
9269
9270,10965
9271,11138
9272
9273
9274
9275
9276
9277
9278
9279
9280
9281
9282
9283
9284
9285,11652,11934
9286
9287
9288,10996
9289
9290
9291
9292
9293
9294
9295
9296
9297
9298
9299
9300
9301
9302
9303,11010
9304
9305
9306
9307,9887
9308,10483
9309
9310
9311
9312
9313
9314,11092,11735
9315
9316
9317,9709,10875
9318
9319
9320,9611
9321,10853
9322
9323
9324
9325
9326
9327
9328,10101
9329
9330
9331
9332
9333
9334
9335
9336
9337
9338
9339
9340
9341
9342
9343,11706
9344
9345
9346
9347
9348,10796
9349
9350
9351
9352
9353
9354
9355
9356
9357
9358
9359
9360
9361
9362
9363
9364
9365
9366
9367
9368
9369
9370
9371,11478
9372
9374
9375
9376
9377
9378
9379
9380
9381
9382
9383
9384
9385
9386
9387
9388
9389,10292
9390
9391
9392
9394
9395
9396
9397
9398,10439
9399
9400
9401
9402
9403
9404
9405
9406
9407
9408
9409
9410
9412
9413
9414
9415
9416
9417
9418
9419,10186
9420
9421,10213
9422
9423
9424
9425
9426
9427
9428
9429
9430
9431
9432,10944
9433
9434
9435
9436
9437,11537
9438
9439
9440
9441
9442
9443,9658
9444
9445
9446
9447
9448
9449
9450
9451
9452
9453
9454
9456
9457
9458
9459,10432,11413
9460
9461
9462,9598
9463
9464
9465,11361
9466
9467
9468,11115
9469
9470
9471
9472
9473
9474
9475
9476
9477,10549
9478
9480
9481
9482
9483
9484
9485
9486
9487
9488
9489,10305
9490
9491
9492
9493
9494
9495
9496
9497
9498
9499
9500,10326
9501
9502
9503
9504
9505
9506
9507
9508
9509
9510
9511
9512
9513
9514
9515,11015
9516
9517
9518
9519
9520
9521
9523
9524
9525,11178
9526
9527
9528
9529
9530
9531,11810
9532
9533,10089
9534
9535,10229
9536,11179
9537
9538
9539
9540
9541
9542
9543
9544
9545
9546
9547
9548
9549
9550
9551
9552
9553
9555
9556
9557
9558
9559
9560
9561
9562
9563
9564
9565
9566
9567,11114
9568
9569,10012
9570
9571
9572
9573
9574
9575
9576
9577
9578
9579
9580
9581
9582
9583,10259
9584
9585
9586
9587
9588
9589
9590,10892
9591
9592,11085
9593
9594
9595
9596
9597
9599,11634
9600
9601
9602
9603
9604
9605
9606
9607
9608
9610,11510
9612
9613
9614
9615,11483
9616,11216
9617
9618
9619
9620
9621
9622
9623
9624
9625
9626
9627
9628
9629
9630
9631
9632,11811
9633,10218
9634
9635
9636
9637
9638
9639
9640
9641
9642
9643,10249
9645
9646
9647,10379
9648
9649
9650
9651
9652
9653,11579
9654,10731
9655,10730
9656,10254
9657
9659,10256
9660
9661
9662
9663,10614,11750
9664,11873
9665
9666
9667
9668
9669
9670
9672
9673
9674,11108
9675
9676
9677
9678
9679
9680
9681
9682
9683,10674
9684
9685
9686
9687
9688
9689,11984
9690
9691
9692
9693
9694
9695
9696
9697,10980
9698
9699
9701,10779
9702,11042
9703
9704,11456
9705
9706
9707
9708
9710
9711
9712
9713
9714
9715,10943
9716
9717,10212
9718
9719
9720
9721
9722
9723
9724
9726
9727
9728
9729
9730
9731
9732
9733
9734
9735
9736,10584
9737,9908
9738
9739
9740
9741
9742,11589
9743
9744
9745
9746
9747
9748
9749
9750
9751
9752
9753
9754
9755
9756
9757
9758,10482
9759
9760
9761
9762
9763
9764,11916
9765
9766
9767
9768
9769
9770
9771
9773
9774
9775
9776
9777
9778
9779
9780
9781
9782
9783
9784
9785
9786
9787,11373
9788
9789
9790
9791
9792
9793,10543
9794
9795
9796
9797
9798
9799
9800
9801
9802
9803
9804
9805
9806
9807
9808,11225
9810
9811
9812,9881,11693
9813
9814
9815
9816,11253
9817
9818,10767
9819
9820
9821
9822
9823
9824,11965
9825
9826
9827
9828
9830
9831
9832
9833
9834
9835
9836
9837
9838
9839
9840
9841
9842
9843,11944
9844,10705
9845
9846,9966
9847
9848,10707
9849
9850
9851
9852
9853
9854,10903
9855
9856,11127
9857
9858
9859
9860
9861
9862,11112
9863
9864
9865,11650
9866,10580
9867
9868
9869
9870
9871
9872
9873
9874
9875,11251
9876
9877
9878
9879
9880
9882
9883,11149
9884
9885,11372
9886
9888,9925
9889
9890
9891
9892
9893
9894
9895
9896
9897
9898
9899
9900
9901
9902
9903
9904
9905
9906
9907
9909
9910,9948
9911
9912
9913
9914
9915
9916
9917
9918
9919
9920,10774
9921
9922
9923
9924
9927
9928
9929
9930
9931
9932
9933
9934
9935
9936,11025,11171
9937
9938
9939
9940,10410,11732
9941
9942,10381
9943,10314,10706
9944
9945
9946
9947
9949
9950
9951
9952
9953
9954
9955
9956
9957
9958
9959
9960,11285
9961
9962
9963
9964
9965,10361
9967
9968
9969
9970
9971
9972
9973
9975,11563,11915
9976
9977
9978
9979
9980
9981
9982
9983
9984
9985
9986
9988
9989
9990
9991
9992
9993
9994
9995
9996
9997
9998
9999
10000
10001
10002,11183
10003
10004
10005
10006
10007
10008
10009
10010
10011
10013
10014
10015
10016
10017
10018,11084
10019
10020
10021,11910
10022
10023
10024
10025
10026
10027
10028
10029
10030
10031
10032
10033
10034
10035
10036
10037
10038
10039
10040
10041
10042
10043
10044
10045
10046
10047
10048,11491
10049
10050
10051
10052
10053
10054
10055
10056
10057,10652
10058
10059
10060,11116
10061
10062
10063
10064
10065
10066
10067
10068
10069
10070
10071
10072
10073
10074
10075
10076,10528
10077
10078
10079,10466
10080,10330
10081
10082
10083
10084
10085
10086
10087,11233
10088
10090
10091
10092
10093
10094
10095
10096
10097
10098
10099
10100
10102
10103
10104
10105
10106
10107
10108
10109
10110
10111
10112
10113
10114
10115
10116
10117
10118
10119
10120
10121
10122
10123,10382
10124
10125
10126
10127
10128
10129
10130
10131
10132
10133
10134
10135
10136
10137
10138
10139
10140
10141
10142
10143
10144
10145
10146
10147
10148
10149
10150
10151
10152
10153,11884
10154
10155
10156
10157
10158
10159
10160
10161
10162
10163
10164
10165
10166
10167
10168
10169
10170
10171
10172
10173
10174
10175,11800
10176,10601,11067
10177
10178
10179
10180
10181
10182
10183,11815
10184
10185
10187
10188
10189
10190
10191
10192
10193
10194
10195
10196
10197
10198
10199
10200
10201
10202
10203
10204,11182
10205
10206,10646
10207
10208
10209
10210
10211
10214
10215,11657
10216
10217
10219
10220
10221
10222
10223
10224
10225
10226
10227
10230
10231
10232
10233
10234
10235
10236
10237
10238
10239
10240
10241
10242,11017,11212,11270
10243
10244
10245
10246
10247
10248
10250
10251
10252,10444
10253
10255
10257
10258
10260
10261
10262
10263
10264
10265
10266
10267
10268
10269
10270
10271,11342
10272
10273,11275
10274
10275
10276,10716
10277
10278
10279
10280
10281
10282
10283
10284
10285
10286
10287
10288
10289
10290
10291,11304,11449
10293
10294
10295
10296
10297
10298
10299
10300
10301
10302
10303
10304
10306
10307
10308
10309
10310
10311
10312,11363
10315
10316
10317
10318
10319
10320
10321
10322
10323
10324
10325
10327
10328
10329
10331
10332,11388
10333
10334
10335
10336
10337
10339
10340
10341
10342
10343
10344
10345
10346
10347
10348
10349
10350
10351
10352
10353
10354
10355
10356
10357,11379
10359,10495
10360
10362
10363
10364
10365
10366
10367
10368
10369
10370
10371
10372
10373
10374
10375
10376
10377
10378
10380
10383
10384
10385
10386
10387
10388
10389
10390
10391
10392
10393,10536
10394
10395
10396
10397
10398,11922
10399
10400
10401
10402
10403
10404
10405
10406
10407
10408
10409,10950
10411
10412
10413
10414
10415
10416
10417,10624
10418
10419
10420,10915
10421
10422,11100
10423,10442
10424,10862
10425
10426
10427
10428
10429,11600
10430
10431
10433,11894
10434
10435
10436
10437
10438
10440,10963
10441
10443
10445
10447
10448
10449
10450
10451
10452
10453
10454
10455
10456
10457
10458
10459
10460
10461
10462
10463
10464
10465
10467
10468
10469
10470
10471,10830
10472
10473
10474
10475,11971
10476
10477
10478
10479
10481,10781
10484
10485
10486
10487,11298
10488
10489
10490
10491
10492
10493
10494,11879
10496
10497
10498
10499
10500
10501
10502
10503,10673
10504
10505
10506
10507
10508
10509
10510,11090
10511
10512
10513
10514
10515
10516
10517
10518
10519
10520
10521
10522
10523
10524
10525
10526
10527
10529
10530
10531
10532
10533
10534
10535
10537
10538
10539
10540
10541
10542
10544
10545
10546
10547
10548
10550
10551
10552
10553,11257
10554
10555
10556
10557,10960
10558
10559
10560
10561
10562
10563
10564
10565
10566
10567
10568
10569
10570
10571
10572
10573
10574
10575
10576
10577
10578
10579
10581
10582
10583
10585
10586
10587,11477
10588
10589
10590
10591
10592
10593
10594
10595
10596,11190
10597
10598,11920
10599
10600
10602
10603
10604
10605
10606
10607
10608
10609
10610
10611
10612
10613
10615
10616
10617
10618
10619
10620
10621
10622
10623
10625
10626
10627
10628
10629
10630
10631
10632
10633
10634
10635
10636
10637
10638
10639
10640
10641
10642
10643
10644
10645
10647
10648
10649
10650
10651
10653
10654
10655,11999
10656
10657
10658
10659,11887
10660,11598
10661
10662
10663
10664
10665
10666
10667
10668
10669
10670
10671
10672
10675
10676
10677
10678
10679
10680
10681
10682
10683
10684
10685
10686
10687
10688
10689
10690
10691
10693
10694
10695
10696
10697
10698
10699
10700
10701,11240
10702
10703
10704
10708
10709
10710,11685
10711
10712
10713
10715
10717
10718
10719
10720
10721
10722
10723
10724
10725
10726
10727
10728
10729
10732
10733
10734
10735
10736
10737
10738
10739
10740
10741,10933
10743
10744
10745
10746
10747
10748
10749
10750
10751
10752
10753
10754,10900
10755
10756
10757
10758
10759
10760
10761
10762
10763
10764
10765
10766
10768
10769
10770
10771
10772
10773,11967
10775
10776
10777
10778
10780
10782
10783
10784
10785,11053,11306
10786
10787
10788
10789
10790
10791
10792
10793
10794
10795
10797,11874
10798
10799
10800
10801
10802
10803
10804
10805,11210
10806
10807
10808
10809
10810
10811
10812
10813
10814
10815
10816
10817
10818
10819
10820
10821
10822
10823
10824
10825,11628
10826
10827
10829
10831
10833
10834
10835
10836
10837
10838
10839
10840
10841
10842
10843
10844
10845
10846
10847
10848,11155
10849
10850
10851,11490
10852
10854
10855
10856
10857
10859,11461
10860
10861
10863
10864
10865
10866
10867
10868
10869
10870
10871
10872
10873
10874
10876
10877
10878
10879
10880
10881
10882
10883
10884
10885
10886
10887
10888
10889
10890
10891
10893
10894
10895
10896
10897
10898
10899
10901
10902
10904
10906
10907
10908
10909
10910,11154
10911
10912
10913
10914
10917
10918
10919
10920
10921
10922
10923
10924
10925,11303
10926
10927
10928
10929
10930
10931,11401
10932
10934
10935
10936
10937
10939
10940
10941
10942
10945
10946
10947
10948
10949
10951
10952
10953
10954
10955
10956
10957
10958
10959
10961
10962
10964
10966
10967
10968
10969
10970
10972
10973
10974
10975
10976
10977
10978
10979
10981
10982
10983
10984
10985
10986
10987
10988
10989
10990
10991,11156
10992
10993
10994
10995
10997
10998
10999
11000
11001
11002
11003
11004
11005
11006
11007
11008
11009
11011
11012
11013
11014
11016
11018
11019
11020
11021
11022
11023
11024
11026
11027
11028
11029
11030
11031
11032
11033
11034
11035
11036
11037
11038
11039
11040,11549
11041
11043
11044
11045
11046
11047
11048
11049
11050
11051
11052
11054
11055
11057,11286
11058
11059
11060
11061
11062
11063
11064
11065
11066
11068
11069
11070
11071,11983
11073
11074
11075
11076
11077
11078
11079
11080
11081
11082
11083
11086
11087
11088
11089
11091
11093
11094
11095
11096,11247
11097
11098
11099
11101
11102
11103
11104
11105
11106
11109
11110
11111
11113
11117
11118
11119
11120
11121
11122
11123
11124
11125
11126
11128
11129
11130
11131
11132
11133
11134
11135
11136
11137
11139
11140
11141
11142
11143
11144
11145
11146
11147
11148
11150
11151
11152
11153
11157
11158
11159
11160
11161
11162
11163,11753
11164
11165
11166
11167
11168
11169
11170
11172
11173
11174
11175
11176
11180
11181
11184
11185
11186,11524
11187
11188
11189
11191
11192
11193
11194
11195
11196
11197
11198
11199
11200
11201
11202,11223
11203
11204
11205
11206
11207
11208
11209
11211
11213,11835
11214
11215
11217
11218
11219
11220
11221
11222
11224
11226
11227
11228
11229
11230
11231
11232
11234
11235
11236
11237
11238
11239
11241
11242
11243
11244
11245
11246
11249
11250
11252
11254
11255
11256
11258
11259
11260
11261
11262
11263
11264
11265
11266
11267
11268
11269
11271
11272
11273
11274
11276
11277
11278
11279
11280
11281
11282
11283,11617
11284
11287
11288
11289
11291
11292
11293,11561
11294
11295
11296
11297
11299
11300
11301
11302
11305
11307
11308
11309
11310
11311
11312
11313
11314
11315
11316
11317
11318
11319
11320
11322
11324
11325
11326
11327
11328
11329
11330
11331
11332,11602
11333
11334
11335
11336
11337
11338
11339
11340
11341
11343
11344,11398,11682
11345
11346
11347
11348
11349
11350
11351
11352
11353
11354
11355
11356
11357
11358
11359
11360
11362
11364
11365
11366
11367
11368
11369
11370
11371
11374
11376
11377
11378
11380
11381
11382
11383
11384
11385
11386
11387
11389
11390
11391
11392
11393
11394
11395
11396
11397
11399
11402
11403
11404
11405
11406
11407
11408
11409
11410
11411
11412
11414
11415
11416
11417
11418
11419
11420
11421
11422
11423
11424
11425
11426
11427
11428
11429
11430
11431
11432
11433
11434
11435
11436
11437
11438
11440
11441
11442
11443
11444
11445
11446
11447,11508
11448,11547
11450
11451
11452
11453,11672
11454
11455
11457
11458
11459
11460
11462
11463
11464
11465
11466
11467
11468
11469
11470
11471
11472
11473
11474
11475
11476
11479
11480
11481
11482
11484
11485
11486
11487
11489
11492
11493
11494
11495
11496
11497
11498
11499
11500
11501
11503
11504
11506
11507
11509
11511
11512
11513
11514
11515
11516
11517
11518
11519
11520
11521
11522
11523
11525
11526
11527
11528
11529
11530
11531
11532
11533
11534
11535
11538
11539
11540
11542
11543
11544
11545
11546
11548
11550
11551
11552
11553
11554
11555
11556
11557
11559
11560
11562
11564
11565
11566
11567
11568
11569
11570
11571
11572
11573
11574
11575,11854
11576
11577
11578
11580
11581
11583
11584
11585
11586
11587,11627
11588
11590
11591
11592
11593
11594
11595
11596
11597
11599
11601
11603
11604
11605
11606
11608
11609
11610
11611
11612
11613
11614
11615
11616
11618
11619
11620
11621
11622
11623
11624
11625
11626
11629
11630
11631
11632
11633
11636
11638
11639
11640
11641
11642
11643
11644
11645
11646
11647
11648
11649
11651
11653
11654
11655
11656
11658
11659
11660
11661
11662
11663
11664
11665
11666
11667,11759
11668
11669
11670
11671
11673
11674
11675
11676
11677
11678
11679
11680
11681
11683
11684
11686
11687
11688
11689
11691
11692
11694
11695
11696
11697
11698
11699,11765
11700
11701
11702
11703
11704
11705
11707
11708
11709
11710
11711
11712
11713
11714
11715
11716
11717
11718
11719
11720
11721
11722
11723
11724
11725
11726
11727
11728
11729
11730
11731
11733
11734
11736
11737
11738
11739
11740,11969
11741
11742
11743
11744
11745
11746
11747
11748
11749
11751
11752
11754
11755
11756
11757
11758
11760
11761
11762
11763
11764
11766
11767
11768
11769
11770
11771
11773
11774
11775
11776
11777
11778
11779
11781
11782
11783
11784
11785
11786
11787
11788
11789
11790
11791
11792
11793
11794
11795
11796
11797
11798
11799
11801
11802
11803
11804
11805
11807
11808
11809
11812
11813
11814
11816
11817
11818
11819
11820
11821
11822
11823
11824
11825
11826
11827
11828
11829
11830
11831
11832
11833
11834
11836
11837
11838
11839
11840
11841
11842
11843
11844
11845
11846
11847
11848
11849
11850
11851
11852
11853
11855
11856
11857
11858
11859
11860
11861
11862
11863
11864
11865
11866
11867
11868
11869
11870
11871
11872
11876
11877
11878
11880
11881
11882
11883
11885
11886
11888
11889
11890
11891
11892
11893
11895
11896
11897
11898
11899
11900
11901
11902
11903
11904
11905
11906
11907
11908
11909
11911
11912
11913
11914
11917
11918
11919
11921
11924
11925
11926
11927
11928
11929
11930
11931
11932
11933
11935
11936
11937
11938
11939
11940
11942
11943
11945
11946
11947
11948
11949
11950
11951
11952
11953
11954
11955
11956
11957
11958
11959
11960
11961
11962
11963
11964
11966
11968
11970
11972
11973
11974
11975
11976
11977
11978
11979
11980
11981
11982
11985
11986
11987
11988
11989
11990
11991
11992
11993
11994
11995
11996
11997
11998
